-0.0003
-0.0002
-0.0042
-0.0003
0.0037
0
-0.001
0.0026
0
-0.0009
0
-0.0002
0
-0.0006
0.0037
0.0016
-0.0005
-0.0002
0.0025
0
-0.0017
0.0003
0.0017
0.0015
-0.0006
-0.0001
-0.0009
0.0003
-0.0042
0.0017
-0.0003
-0.0009
-0.0079
0.0003
-0.0012
0.0008
0.0008
0.0009
0.0012
0.0034
0.0009
0.0064
-0.004
-0.002
0.0006
0.0015
0.0013
0
0.0006
-0.0006
0
-0.0027
-0.0019
0
0.0003
-0.0006
0.0003
0.0003
-0.0006
0.0003
-0.0009
0.0003
-0.0009
-0.0009
-0.002
-0.0019
0.0003
0
-0.0028
-0.0006
-0.0017
-0.0038
0.0008
-0.0006
-0.0047
0.0003
-0.0054
0.0003
0.0025
-0.0013
-0.001
0.0027
0.0003
0.0032
0.0014
0.0015
0.0015
-0.0038
0.0003
0.0006
-0.0006
0.0008
-0.0049
0
-0.0022
0
0
-0.0038
0.0002
0.0006
